2.71828182846 0.0
2.73112165917 0.00628318530718
2.75698355427 0.0188495559215
2.79623629858 0.0376991118431
2.84944400648 0.0628318530718
2.91737965423 0.0942477796077
3.00104382131 0.131946891451
3.10168927798 0.175929188601
3.2208522656 0.226194671058
3.36039156409 0.282743338823
3.5225367368 0.345575191895
3.70994730385 0.414690230274
3.92578503625 0.49008845396
4.17380210934 0.571769862953
4.45844853292 0.659734457254
4.78500312337 0.753982236862
5.15973334758 0.854513201776
5.59009070873 0.961327351998
6.08495003753 1.07442468753
6.65490319991 1.19380520836
7.31262046217 1.31946891451
8.07329623655 1.45141580596
8.95520038402 1.58964588272
9.98036196383 1.73415914478
11.1754196695 1.88495559215
12.5726826742 2.04203522483
14.2114578788 2.20539804282
16.1397154824 2.37504404611
18.4161855248 2.55097323471
21.1130051085 2.73318560862
24.3190714505 2.92168116784
28.1443024448 3.11645991236
32.7250677358 3.31752184219
38.2311343119 3.52486695733
44.8745780208 3.73849525777
52.9212551924 3.95840674352
62.7056190055 4.18460141458
74.6499200667 4.41707927095
89.2891727263 4.65584031262
107.303729283 4.9008845396
129.561926521 5.15221195189
157.176112464 5.40982254948
191.576508167 5.67371633238
234.608924172 5.94389330059
288.664493213 6.22035345411
356.852522682 6.50309679293
443.231624495 6.79212331706
553.119885892 7.0874330265
693.512622631 7.38902592124
873.647084797 7.69690200129
1105.76861351 8.01106126665
1406.17395492 8.33150371732
1796.63727296 8.65822935329
2306.36652194 8.99123817457
2974.69751111 9.33053018116
3854.81783163 9.67610537306
5018.93386527 10.0279637503
6565.46743045 10.3861053128
8629.11772565 10.7505300606
11394.9835183 11.1212379937
15118.460626 11.4982291121
20153.3853742 11.8815034159
26991.9965965 12.2710609049
36321.901465 12.6669015793
49107.5995701 13.0690254389
66707.6129736 13.4774324839
91043.4401271 13.8921227142
124844.232264 14.3130961298
172002.544275 14.7403527306
238093.655947 15.1738925168
331136.718616 15.6137154883
462714.833922 16.0598216452
649629.994427 16.5122109873
916358.21903 16.9708835147
1298706.6214 17.4358392274
1849283.07348 17.9070781255
2645710.36603 18.3846002088
3803012.63049 18.8684054775
5492370.18808 19.3584939314
7969634.40256 19.8548655707
11618861.1454 20.3575203953
17019048.9957 20.8664584051
25046876.8293 21.3816796003
37035519.0933 21.9031839808
55021174.4977 22.4309715466
82127356.0799 22.9650422977
123166440.771 23.5053962342
185585271.108 24.0520333559
280957858.749 24.6049536629
427351691.824 25.1641571553
653094814.278 25.7296438329
1002798343.02 26.3014136959
1547025757.07 26.8794667441
2397883315.46 27.4638029777
3734264807.31 28.0544223966
5842903883.65 28.6513250007
9185418267.4 29.2545107902
14508272251.0 29.863979765
23023906908.5 30.4797319251
36710382463.3 31.1017672705
58809212276.2 31.7300858013
94656050539.4 32.3646875173
1.53072777314e+11 33.0055724186
2.48710493169e+11 33.6527405053
4.06010083684e+11 34.3061917772
6.65926190214e+11 34.9659262345
1.09739236892e+12 35.631943877
1.81695570811e+12 36.3042447049
3.0225487204e+12 36.9828287181
5.05183135185e+12 37.6676959165
8.48341948195e+12 38.3588463003
1.43132944349e+13 39.0562798694
2.42635773626e+13 39.7599966238
4.13253580009e+13 40.4699965635
7.07171876745e+13 41.1862796886
1.21584972835e+14 41.9088459989
2.10030026738e+14 42.6376954945
3.64526778691e+14 43.3728281755
6.35658783445e+14 44.1142440417
1.11369233735e+15 44.8619430933
1.9604373825e+15 45.6159253301
3.46726697831e+15 46.3761907523
6.16124042467e+15 47.1427393598
1.1000073664e+16 47.9155711526
1.97319313268e+16 48.6946861306
3.55623262325e+16 49.480084294
6.43957628794e+16 50.2717656427
1.17157740673e+17 51.0697301768
2.14156493787e+17 51.8739778961
3.93312792754e+17 52.6845088007
7.25757381031e+17 53.5013228906
1.34552389539e+18 54.3244201659
2.50632815575e+18 55.1538006264
4.69062825753e+18 55.9894642723
8.82004219205e+18 56.8314111034
1.66631411942e+19 57.6796411199
3.16293050982e+19 58.5341543217
6.03210636913e+19 59.3949507088
1.15583248547e+20 60.2620302812
2.22519136634e+20 61.1353930389
4.30414011322e+20 62.0150389819
8.36473139004e+20 62.9009681102
1.63329323308e+21 63.7931804238
3.20422415955e+21 64.6916759227
6.31579729722e+21 65.596454607
1.2507774419e+22 66.5075164765
2.48873388849e+22 67.4248615313
4.97534782508e+22 68.3484897715
9.99343974138e+22 69.278401197
2.01675486461e+23 70.2145958077
4.08919473349e+23 71.1570736038
8.33046102705e+23 72.1058345852
1.70508818713e+24 73.0608787519
3.5064788105e+24 74.0222061039
7.24506283805e+24 74.9898166412
1.50404094316e+25 75.9637103638
3.13706650426e+25 76.9438872717
6.57407049744e+25 77.9303473649
1.38417675857e+26 78.9230906435
2.92816343542e+26 79.9221171073
6.22365683449e+26 80.9274267565
1.32905369618e+27 81.9390195909
2.8515827676e+27 82.9568956107
6.14718098914e+27 83.9810548158
1.33141235623e+28 85.0114972061
2.89731510571e+28 86.0482227818
6.3346911098e+28 87.0912315428
1.39155930425e+29 88.1405234891
3.071316413e+29 89.1960986207
6.81073474491e+29 90.2579569376
1.51743443953e+30 91.3260984399
3.39681951042e+30 92.4005231274
7.63979263154e+30 93.4812310002
1.72638333244e+31 94.5682220584
3.91957936635e+31 95.6614963018
8.94104448477e+31 96.7610537306
2.04919653599e+32 97.8668943446
4.71873441954e+32 98.979018144
1.09172692537e+33 100.097425129
2.5377513793e+33 101.222115299
5.92694214599e+33 102.353088654
1.39078138144e+34 103.490345195
3.27894107915e+34 104.63388492
7.76702891288e+34 105.783707832
1.84851421865e+35 106.939813928
4.42015230096e+35 108.10220321
1.06193573742e+36 109.270875677
2.56333757454e+36 110.44583133
6.216700363e+36 111.627070167
1.5148186094e+37 112.81459219
3.70858205557e+37 114.008397399
9.12224470334e+37 115.208485792
2.25445778695e+38 116.414857371
5.59795060859e+38 117.627512136
1.39656959045e+39 118.846450085
3.50060142128e+39 120.07167122
8.81595394647e+39 121.30317554
2.23070697568e+40 122.540963046
5.67103467127e+40 123.785033737
1.44853383543e+41 125.035387613
3.71741930742e+41 126.292024674
9.58519650924e+41 127.554944921
2.48317344994e+42 128.824148353
6.46337949145e+42 130.09963497
1.69028065146e+43 131.381404773
4.44124313261e+43 132.669457761
1.17245677976e+44 133.963793934
3.1098232071e+44 135.264413293
8.287453842e+44 136.571315837
2.21897857757e+45 137.884501566
5.96941346608e+45 139.203970481
1.6134547017e+46 140.52972258
4.38155691555e+46 141.861757866
1.19549207782e+47 143.200076336
3.27726463929e+47 144.544677992
9.0265727396e+47 145.895562833
2.49793322655e+48 147.252730859
6.94520913876e+48 148.616182071
1.94015485888e+49 149.985916468
5.44545317557e+49 151.36193405
1.5356004289e+50 152.744234818
4.35079865942e+50 154.13281877
1.23852937611e+51 155.527685909
3.54233966586e+51 156.928836232
1.01793642979e+52 158.336269741
2.9389870777e+52 159.749986435
8.52552751764e+52 161.169986314
2.48479983177e+53 162.596269379
7.27625853966e+53 164.028835629
2.14077684909e+54 165.467685065
6.32821523018e+54 166.912817685
1.87947973852e+55 168.364233491
5.60842116222e+55 169.821932482
1.6814739948e+56 171.285914659
5.06507937074e+56 172.756180021
1.53295328333e+57 174.232728568
4.66141907717e+57 175.715560301
1.42414412627e+58 177.204675218
4.371558569e+58 178.700073321
1.34823384206e+59 180.20175461
4.17773329729e+59 181.709719084
1.30065694269e+60 183.223966743
4.06847245413e+60 184.744497587
1.27863491968e+61 186.271311617
4.03746068509e+61 187.804408832
1.28090410197e+62 189.343789232
4.08292583338e+62 190.889452817
1.30759403308e+63 192.441399588
4.20746908614e+63 193.999629544
1.36023987498e+64 195.564142686
4.41831458585e+64 197.134939013
1.44193051194e+65 198.712018525
4.72801225493e+65 200.295381222
1.55761248586e+66 201.885027105
5.15569017018e+66 203.480956173
1.71459189321e+67 205.083168426
5.72903249903e+67 206.691663865
1.92330592843e+68 208.306442489
6.48727068096e+68 209.927504298
2.19847855005e+69 211.554849293
7.48564126736e+69 213.188477473
2.56083945987e+70 214.828388838
8.8020181605e+70 216.474583388
3.03968606033e+71 218.127061124
1.05468256805e+72 219.785822045
3.67672686702e+72 221.450866152
1.28779737e+73 223.122193443
4.53189942911e+73 224.79980392
1.6023580177e+74 226.483697583
5.6922690153e+74 228.17387443
2.03169185655e+75 229.870334463
7.28579299251e+75 231.573077681
2.62507901404e+76 233.282104085
9.50286362904e+76 234.997413674
3.45631390376e+77 236.719006448
1.26304383784e+78 238.446882407
4.6373538409e+78 240.181041552
1.71067933786e+79 241.921483882
6.34035462717e+79 243.668209398
2.36104928922e+80 245.421218098
8.83370968098e+80 247.180509984
3.32068557234e+81 248.946085056
1.25417734892e+82 250.717943312
4.75923023689e+82 252.496084754
1.81451700193e+83 254.280509382
6.95075423752e+83 256.071217194
2.67515770157e+84 257.868208192
1.03445930216e+85 259.671482375
4.01905541326e+85 261.481039744
1.56884899381e+86 263.296880297
6.15297084768e+86 265.119004036
2.42457228167e+87 266.947410961
9.59913233304e+87 268.782101071
3.81834693974e+88 270.623074366
1.5260380361e+89 272.470330846
6.1277620831e+89 274.323870511
2.47220793541e+90 276.183693362
1.00210830586e+91 278.049799399
4.08122832298e+91 279.92218862
1.66998929262e+92 281.800861027
6.86567190835e+92 283.685816619
2.83595261182e+93 285.577055397
1.17695933514e+94 287.474577359
4.90761528829e+94 289.378382507
2.05601428639e+95 291.288470841
8.6542275462e+95 293.20484236
3.65996604563e+96 295.127497064
1.5551502958e+97 297.056434953
6.63917693454e+97 298.991656027
2.84775539168e+98 300.933160287
1.22726313051e+99 302.880947733
5.31397193469e+99 304.835018363
2.31178472585e+100 306.795372179
1.01046689133e+101 308.76200918
4.4375509327e+101 310.734929367
1.95799319448e+102 312.714132738
8.68011681174e+102 314.699619295
3.8662196691e+103 316.691389038
1.73019099251e+104 318.689441965
7.77943635369e+104 320.693778078
3.51438051096e+105 322.704397377
1.59512968141e+106 324.72129986
7.2742760027e+106 326.744485529
3.33296013063e+107 328.773954383
1.53432381701e+108 330.809706423
7.09660281317e+108 332.851741648
3.29784725006e+109 334.900060058
1.53977455173e+110 336.954661653
7.22321103908e+110 339.015546434
3.40447409833e+111 341.0827144
1.61219039536e+112 343.156165552
7.67059740509e+112 345.235899888
3.66681174211e+113 347.32191741
1.76114292387e+114 349.414218118
8.4985954299e+114 351.51280201
4.12046541479e+115 353.617669088
2.00720604184e+116 355.728819351
9.82390609416e+116 357.8462528
4.83084400636e+117 359.969969434
2.38675801562e+118 362.099969253
1.18478713627e+119 364.236252257
5.90906592446e+119 366.378818447
2.96103748087e+120 368.527667822
1.49078680033e+121 370.682800382
7.54108328724e+121 372.844216128
3.83264417072e+122 375.011915059
1.95708563e+123 377.185897175
1.00407862143e+124 379.366162477
5.17573672625e+124 381.552710964
2.68054559155e+125 383.745542636
1.39482840827e+126 385.944657494
7.29230684053e+126 388.150055536
3.83050160928e+127 390.361736764
2.02158929179e+128 392.579701178
1.07195553821e+129 394.803948777
5.71093452144e+129 397.034479561
3.05692056608e+130 399.27129353
1.64402225115e+131 401.514390685
8.88337085961e+131 403.763771025
4.82274678062e+132 406.01943455
2.63061741499e+133 408.281381261
1.44167539512e+134 410.549611156
7.93823308416e+134 412.824124238
4.39164039641e+135 415.104920504
2.44104766918e+136 417.391999956
1.36323997986e+137 419.685362593
7.64918090934e+137 421.985008415
4.31225183088e+138 424.290937423
2.4425297525e+139 426.603149616
1.39002360192e+140 428.921644995
7.94787541486e+140 431.246423558
4.56590101091e+141 433.577485307
2.63541186683e+142 435.914830242
1.52832975035e+143 438.258458361
8.90496468806e+143 440.608369666
5.21307413039e+144 442.964564156
3.066211896e+145 445.327041832
1.8119949891e+146 447.695802692
1.07586650043e+147 450.070846739
6.41809796952e+147 452.45217397
3.84681112909e+148 454.839784387
2.31655144908e+149 457.233677989
1.4016177889e+150 459.633854776
8.52047518746e+150 462.040314749
5.20408756993e+151 464.453057907
3.19353691187e+152 466.87208425
1.96900060284e+153 469.297393779
1.21973734946e+154 471.728986492
7.59160075724e+154 474.166862392
4.74730312193e+155 476.611021476
2.98268321276e+156 479.061463746
1.88284193071e+157 481.518189201
1.19417275211e+158 483.981197841
7.6096909294e+158 486.450489667
4.87206914476e+159 488.926064678
3.13405369499e+160 491.407922875
2.02556408058e+161 493.896064256
1.3153220654e+162 496.390488823
8.58153126328e+162 498.891196575
5.62527860515e+163 501.398187513
3.7048433451e+164 503.911461636
2.45155830192e+165 506.431018944
1.62990077884e+166 508.956859437
1.08874625254e+167 511.488983116
7.30699388008e+167 514.02738998
4.92716809125e+168 516.57208003
3.33812486734e+169 519.123053264
2.27224073918e+170 521.680309685
1.55400592611e+171 524.24384929
1.0678188023e+172 526.81367208
7.37206271777e+172 529.389778056
5.11360341655e+173 531.972167218
3.56378610439e+174 534.560839564
2.49541500018e+175 537.155795096
1.75557948446e+176 539.757033813
1.24092283781e+177 542.364555716
8.81283465718e+177 544.978360804
6.28829679683e+178 547.598449077
4.50813595953e+179 550.224820535
3.24718882503e+180 552.857475179
2.34998260004e+181 555.496413008
1.70870981508e+182 558.141634022
1.24829878002e+183 560.793138222
9.16252858571e+183 563.450925607
6.75707444354e+184 566.114996177
5.00666610471e+185 568.785349932
3.72722078499e+186 571.461986873
2.78784211113e+187 574.144906999
2.09506640615e+188 576.834110311
1.58188160844e+189 579.529596808
1.20004277078e+190 582.23136649
9.1467337562e+190 584.939419357
7.00457702122e+191 587.65375541
5.38944887992e+192 590.374374648
4.16632709685e+193 593.101277071
3.2360031384e+194 595.83446268
2.52528889865e+195 598.573931474
1.97997528622e+196 601.319683453
1.55975014245e+197 604.071718618
1.23451639789e+198 606.830036967
9.81714615061e+198 609.594638503
7.84368627077e+199 612.365523223
6.296536673e+200 615.142691129
5.0784341359e+201 617.92614222
4.11532819782e+202 620.715876496
3.35062397834e+203 623.511893958
2.74090177973e+204 626.314194605
2.25272312946e+205 629.122778437
1.86023892615e+206 631.937645455
1.54339184864e+207 634.758795658
1.28656058147e+208 637.586229046
1.07753365725e+209 640.41994562
9.06730057063e+209 643.259945378
7.66605171677e+210 646.106228323
6.51196476099e+211 648.958794452
5.55774866764e+212 651.817643767
4.76576177151e+213 654.682776267
4.10593736294e+214 657.554191952
3.55417554977e+215 660.431890823
3.09109245118e+216 663.315872879
2.70104412301e+217 666.20613812
2.37136238848e+218 669.102686547
2.09175463782e+219 672.005518159
1.85383090654e+220 674.914632956
1.65073006257e+221 677.830030939
1.47682340796e+222 680.751712106
1.3274789365e+223 683.67967646
1.19887326253e+224 686.613923998
1.08784113009e+225 689.554454722
9.91754637466e+225 692.501268631
9.08426028742e+226 695.454365725
8.36029232836e+227 698.413746005
7.73036360565e+228 701.37940947
7.18166172617e+229 704.35135612
6.70342157029e+230 707.329585956
6.28658344638e+231 710.314098977
5.9235137551e+232 713.304895183
5.60777632069e+233 716.301974574
5.33394493769e+234 719.305337151
5.09744957556e+235 722.314982913
4.89445019037e+236 725.330911861
4.72173329444e+237 728.353123994
4.57662739915e+238 731.381619312
4.45693422276e+239 734.416397815
4.36087318536e+240 737.457459504
4.28703722871e+241 740.504804378
4.2343584251e+242 743.558432437
4.20208219687e+243 746.618343682
4.18974927412e+244 749.684538111
4.19718478579e+245 752.757015727
4.22449412047e+246 755.835776527
4.27206542002e+247 758.920820513
4.34057878826e+248 762.012147684
4.43102252145e+249 765.109758041
4.54471690346e+250 768.213651582
4.68334636898e+251 771.323828309
4.84900113308e+252 774.440288222
5.04422972892e+253 777.563031319
5.27210430276e+254 780.692057602
5.53630100711e+255 783.827367071
5.84119843177e+256 786.968959724
6.19199774981e+257 790.116835563
6.59486916886e+258 793.270994587
7.05713041573e+259 796.431436797
7.5874644065e+260 799.598162192
8.19618504341e+261 802.771170772
8.89556233625e+262 805.950462537
9.70022090097e+263 809.136037488
1.06276295111e+265 812.327895624
1.16987039903e+266 815.526036945
1.29385516232e+267 818.730461452
1.43773928016e+268 821.941169144
1.60517053065e+269 825.158160021
1.80056490991e+270 828.381434084
2.02928455998e+271 831.610991332
2.29786063031e+272 834.846831765
2.61427326881e+273 838.088955383
2.98830447123e+274 841.337362187
3.43198413494e+275 844.592052176
3.96015571615e+276 847.853025351
4.5911958484e+277 851.120281711
5.34793277663e+278 854.393821256
6.25882234813e+279 857.673643986
7.35945872958e+280 860.959749902
8.69452155149e+281 864.252139003
1.03202939409e+283 867.550811289
1.23079297895e+284 870.85576676
1.47477075837e+285 874.167005417
1.77545876432e+286 877.484527259
2.14754971748e+287 880.808332287
2.60989135112e+288 884.1384205
3.18675146417e+289 887.474791898
3.90949376093e+290 890.817446481
4.81880574328e+291 894.16638425
5.96767108805e+292 897.521605204
7.42534954465e+293 900.883109343
9.28272513793e+294 904.250896668
1.16595192605e+296 907.624967178
1.4714054548e+297 911.005320873
1.86565202482e+298 914.391957754
2.37670615249e+299 917.78487782
3.04205387773e+300 921.184081071
3.91205432698e+301 924.589567507
5.05463054468e+302 928.001337129
6.5617627256e+303 931.419389936
8.5585105714e+304 934.843725929
1.12155977605e+306 938.274345106
1.47670322575e+307 941.711247469
