0.0 0
3.828125 1
15.3125 2
34.453125 3
61.25 4
95.703125 5
137.8125 6
187.578125 7
245.0 8
310.078125 9
382.8125 10
463.203125 11
551.25 12
646.953125 13
750.3125 14
861.328125 15
980.0 16
1106.328125 17
1240.3125 18
1381.953125 19
1531.25 20
1688.203125 21
1852.8125 22
2025.078125 23
2205.0 24
2392.578125 25
2587.8125 26
2790.703125 27
3001.25 28
3219.453125 29
3445.3125 30
3678.828125 31
3920.0 32
4168.828125 33
4425.3125 34
4689.453125 35
4961.25 36
5240.703125 37
5527.8125 38
5822.578125 39
6125.0 40
6435.078125 41
6752.8125 42
7078.203125 43
7411.25 44
7751.953125 45
8100.3125 46
8456.328125 47
8820.0 48
9191.328125 49
9570.3125 50
9956.953125 51
10351.25 52
10753.203125 53
11162.8125 54
11580.078125 55
12005.0 56
12437.578125 57
12877.8125 58
13325.703125 59
13781.25 60
14244.453125 61
14715.3125 62
15193.828125 63
15680.0 64
16173.828125 65
16675.3125 66
17184.453125 67
17701.25 68
18225.703125 69
18757.8125 70
19297.578125 71
19845.0 72
20400.078125 73
20962.8125 74
21533.203125 75
22111.25 76
22696.953125 77
23290.3125 78
23891.328125 79
24500.0 80
25116.328125 81
25740.3125 82
26371.953125 83
27011.25 84
27658.203125 85
28312.8125 86
28975.078125 87
29645.0 88
30322.578125 89
31007.8125 90
31700.703125 91
32401.25 92
33109.453125 93
33825.3125 94
34548.828125 95
35280.0 96
36018.828125 97
36765.3125 98
37519.453125 99
