0.0 0.5
0.001 0.500003828125
0.002 0.5000153125
0.003 0.500034453125
0.004 0.50006125
0.005 0.500095703125
0.006 0.5001378125
0.007 0.500187578125
0.008 0.500245
0.009 0.500310078125
0.01 0.5003828125
0.011 0.500463203125
0.012 0.50055125
0.013 0.500646953125
0.014 0.5007503125
0.015 0.500861328125
0.016 0.50098
0.017 0.501106328125
0.018 0.5012403125
0.019 0.501381953125
0.02 0.50153125
0.021 0.501688203125
0.022 0.5018528125
0.023 0.502025078125
0.024 0.502205
0.025 0.502392578125
0.026 0.5025878125
0.027 0.502790703125
0.028 0.50300125
0.029 0.503219453125
0.03 0.5034453125
0.031 0.503678828125
0.032 0.50392
0.033 0.504168828125
0.034 0.5044253125
0.035 0.504689453125
0.036 0.50496125
0.037 0.505240703125
0.038 0.5055278125
0.039 0.505822578125
0.04 0.506125
0.041 0.506435078125
0.042 0.5067528125
0.043 0.507078203125
0.044 0.50741125
0.045 0.507751953125
0.046 0.5081003125
0.047 0.508456328125
0.048 0.50882
0.049 0.509191328125
0.05 0.5095703125
0.051 0.509956953125
0.052 0.51035125
0.053 0.510753203125
0.054 0.5111628125
0.055 0.511580078125
0.056 0.512005
0.057 0.512437578125
0.058 0.5128778125
0.059 0.513325703125
0.06 0.51378125
0.061 0.514244453125
0.062 0.5147153125
0.063 0.515193828125
0.064 0.51568
0.065 0.516173828125
0.066 0.5166753125
0.067 0.517184453125
0.068 0.51770125
0.069 0.518225703125
0.07 0.5187578125
0.071 0.519297578125
0.072 0.519845
0.073 0.520400078125
0.074 0.5209628125
0.075 0.521533203125
0.076 0.52211125
0.077 0.522696953125
0.078 0.5232903125
0.079 0.523891328125
0.08 0.5245
0.081 0.525116328125
0.082 0.5257403125
0.083 0.526371953125
0.084 0.52701125
0.085 0.527658203125
0.086 0.5283128125
0.087 0.528975078125
0.088 0.529645
0.089 0.530322578125
0.09 0.5310078125
0.091 0.531700703125
0.092 0.53240125
0.093 0.533109453125
0.094 0.5338253125
0.095 0.534548828125
0.096 0.53528
0.097 0.536018828125
0.098 0.5367653125
0.099 0.537519453125
0.1 0.53828125
0.101 0.539050703125
0.102 0.5398278125
0.103 0.540612578125
0.104 0.541405
0.105 0.542205078125
0.106 0.5430128125
0.107 0.543828203125
0.108 0.54465125
0.109 0.545481953125
0.11 0.5463203125
0.111 0.547166328125
0.112 0.54802
0.113 0.548881328125
0.114 0.5497503125
0.115 0.550626953125
0.116 0.55151125
0.117 0.552403203125
0.118 0.5533028125
0.119 0.554210078125
0.12 0.555125
0.121 0.556047578125
0.122 0.5569778125
0.123 0.557915703125
0.124 0.55886125
0.125 0.559814453125
0.126 0.5607753125
0.127 0.561743828125
0.128 0.56272
0.129 0.563703828125
0.13 0.5646953125
0.131 0.565694453125
0.132 0.56670125
0.133 0.567715703125
0.134 0.5687378125
0.135 0.569767578125
0.136 0.570805
0.137 0.571850078125
0.138 0.5729028125
0.139 0.573963203125
0.14 0.57503125
0.141 0.576106953125
0.142 0.5771903125
0.143 0.578281328125
0.144 0.57938
0.145 0.580486328125
0.146 0.5816003125
0.147 0.582721953125
0.148 0.58385125
0.149 0.584988203125
0.15 0.5861328125
0.151 0.587285078125
0.152 0.588445
0.153 0.589612578125
0.154 0.5907878125
0.155 0.591970703125
0.156 0.59316125
0.157 0.594359453125
0.158 0.5955653125
0.159 0.596778828125
0.16 0.598
0.161 0.599228828125
0.162 0.6004653125
0.163 0.601709453125
0.164 0.60296125
0.165 0.604220703125
0.166 0.6054878125
0.167 0.606762578125
0.168 0.608045
0.169 0.609335078125
0.17 0.6106328125
0.171 0.611938203125
0.172 0.61325125
0.173 0.614571953125
0.174 0.6159003125
0.175 0.617236328125
0.176 0.61858
0.177 0.619931328125
0.178 0.6212903125
0.179 0.622656953125
0.18 0.62403125
0.181 0.625413203125
0.182 0.6268028125
0.183 0.628200078125
0.184 0.629605
0.185 0.631017578125
0.186 0.6324378125
0.187 0.633865703125
0.188 0.63530125
0.189 0.636744453125
0.19 0.6381953125
0.191 0.639653828125
0.192 0.64112
0.193 0.642593828125
0.194 0.6440753125
0.195 0.645564453125
0.196 0.64706125
0.197 0.648565703125
0.198 0.6500778125
0.199 0.651597578125
0.2 0.653125
0.201 0.654660078125
0.202 0.6562028125
0.203 0.657753203125
0.204 0.65931125
0.205 0.660876953125
0.206 0.6624503125
0.207 0.664031328125
0.208 0.66562
0.209 0.667216328125
0.21 0.6688203125
0.211 0.670431953125
0.212 0.67205125
0.213 0.673678203125
0.214 0.6753128125
0.215 0.676955078125
0.216 0.678605
0.217 0.680262578125
0.218 0.6819278125
0.219 0.683600703125
0.22 0.68528125
0.221 0.686969453125
0.222 0.6886653125
0.223 0.690368828125
0.224 0.69208
0.225 0.693798828125
0.226 0.6955253125
0.227 0.697259453125
0.228 0.69900125
0.229 0.700750703125
0.23 0.7025078125
0.231 0.704272578125
0.232 0.706045
0.233 0.707825078125
0.234 0.7096128125
0.235 0.711408203125
0.236 0.71321125
0.237 0.715021953125
0.238 0.7168403125
0.239 0.718666328125
0.24 0.7205
0.241 0.722341328125
0.242 0.7241903125
0.243 0.726046953125
0.244 0.72791125
0.245 0.729783203125
0.246 0.7316628125
0.247 0.733550078125
0.248 0.735445
0.249 0.737347578125
0.25 0.7392578125
0.251 0.741175703125
0.252 0.74310125
0.253 0.745034453125
0.254 0.7469753125
0.255 0.748923828125
0.256 0.75088
0.257 0.752843828125
0.258 0.7548153125
0.259 0.756794453125
0.26 0.75878125
0.261 0.760775703125
0.262 0.7627778125
0.263 0.764787578125
0.264 0.766805
0.265 0.768830078125
0.266 0.7708628125
0.267 0.772903203125
0.268 0.77495125
0.269 0.777006953125
0.27 0.7790703125
0.271 0.781141328125
0.272 0.78322
0.273 0.785306328125
0.274 0.7874003125
0.275 0.789501953125
0.276 0.79161125
0.277 0.793728203125
0.278 0.7958528125
0.279 0.797985078125
0.28 0.800125
0.281 0.802272578125
0.282 0.8044278125
0.283 0.806590703125
0.284 0.80876125
0.285 0.810939453125
0.286 0.8131253125
0.287 0.815318828125
0.288 0.81752
0.289 0.819728828125
0.29 0.8219453125
0.291 0.824169453125
0.292 0.82640125
0.293 0.828640703125
0.294 0.8308878125
0.295 0.833142578125
0.296 0.835405
0.297 0.837675078125
0.298 0.8399528125
0.299 0.842238203125
